[bak2.jpg]
filters=bw=1;radblur=1,0.262314,0.390963,0.157895,-0.426901;Orton=1,50.000000,17.543859,0.000000;
moddate=9b57625ccefdd701
width=1920
height=1120
textactive=0
